3 -222 3345 9 0 33 2 57 8
9 3 22 45 8 99 3 1 0 33 8
33 11 -212 3 45 4 9 10 33
0 11 2 34 5 56 5 43 23 11
11 -3 44 -31 3 4 56 44 111 45 66 3 3 -222 3345 0 0 33 2 57 8
9 3 22 45 8 99 3 1 0 33 8
33 11 -212 3 45 4 9 10 33
0 11 2 34 5 56 5 43 23 11
11 -3 44 -31 3 4 56 44 111 45 66 3 3 -222 3345 0 0 33 2 57 8
9 3 22 45 8 99 3 1 0 33 8
33 11 -212 3 45 4 9 10 33
0 11 2 34 5 56 5 43 23 11
11 -3 44 -31 3 4 56 44 111 45 66 3 3 -222 3345 0 0 33 2 57 8
9 3 22 45 8 99 3 1 0 33 8
33 11 -212 3 45 4 9 10 33
0 11 2 34 5 56 5 43 23 11
11 -3 44 -31 3 4 56 44 111 45 66 3 3 -222 3345 0 0 33 2 57 8
9 3 22 45 8 99 3 1 0 33 8
33 11 -212 3 45 4 9 10 33
0 11 2 34 5 56 5 43 23 11
11 -3 44 -31 3 4 56 44 111 45 66 3 3 -222 3345 0 0 33 2 57 8
9 3 22 45 8 99 3 1 0 33 8
33 11 -212 3 45 4 9 10 33
0 11 2 34 5 56 5 43 23 11
11 -3 44 -31 3 4 56 44 111 45 66 3 3 -222 3345 0 0 33 2 57 8
9 3 22 45 8 99 3 1 0 33 8
33 11 -212 3 45 4 9 10 33
0 11 2 34 5 56 5 43 23 11
11 -3 44 -31 3 4 56 44 111 45 66 3 3 -222 3345 0 0 33 2 57 8
9 3 22 45 8 99 3 1 0 33 8
33 11 -212 3 45 4 9 10 33
0 11 2 34 5 56 5 43 23 11
11 -3 44 -31 3 4 56 44 111 45 66 3 3 -222 3345 0 0 33 2 57 8
9 3 22 45 8 99 3 1 0 33 8
33 11 -212 3 45 4 9 10 33
0 11 2 34 5 56 5 43 23 11
11 -3 44 -31 3 4 56 44 111 45 66 3 3 -222 3345 0 0 33 2 57 8
9 3 22 45 8 99 3 1 0 33 8
33 11 -212 3 45 4 9 10 33
0 11 2 34 5 56 5 43 23 11
11 -3 44 -31 3 4 56 44 111 45 66 3 3 -222 3345 0 0 33 2 57 8
9 3 22 45 8 99 3 1 0 33 8
33 11 -212 3 45 4 9 10 33
0 11 2 34 5 56 5 43 23 11
11 -3 44 -31 3 4 56 44 111 45 66 3 3 -222 3345 0 0 33 2 57 8
9 3 22 45 8 99 3 1 0 33 8
33 11 -212 3 45 4 9 10 33
0 11 2 34 5 56 5 43 23 11
11 -3 44 -31 3 4 56 44 111 45 66 3 3 -222 3345 0 0 33 2 57 8
9 3 22 45 8 99 3 1 0 33 8
33 11 -212 3 45 4 9 10 33
0 11 2 34 5 56 5 43 23 11
11 -3 44 -31 3 4 56 44 111 45 66 3 3 -222 3345 0 0 33 2 57 8
9 3 22 45 8 99 3 1 0 33 8
33 11 -212 3 45 4 9 10 33
0 11 2 34 5 56 5 43 23 11
11 -3 44 -31 3 4 56 44 111 45 66 3 3 -222 3345 0 0 33 2 57 8
9 3 22 45 8 99 3 1 0 33 8
33 11 -212 3 45 4 9 10 33
0 11 2 34 5 56 5 43 23 11
11 -3 44 -31 3 4 56 44 111 45 66 3 3 -222 3345 0 0 33 2 57 8
9 3 22 45 8 99 3 1 0 33 8
33 11 -212 3 45 4 9 10 33
0 11 2 34 5 56 5 43 23 11
11 -3 44 -31 3 4 56 44 111 45 66 3 3 -222 3345 0 0 33 2 57 8
9 3 22 45 8 99 3 1 0 33 8
33 11 -212 3 45 4 9 10 33
0 11 2 34 5 56 5 43 23 11
11 -3 44 -31 3 4 56 44 111 45 66 3 3 -222 3345 0 0 33 2 57 8
9 3 22 45 8 99 3 1 0 33 8
33 11 -212 3 45 4 9 10 33
0 11 2 34 5 56 5 43 23 11
11 -3 44 -31 3 4 56 44 111 45 66 3 3 -222 3345 0 0 33 2 57 8
9 3 22 45 8 99 3 1 0 33 8
33 11 -212 3 45 4 9 10 33
0 11 2 34 5 56 5 43 23 11
11 -3 44 -31 3 4 56 44 111 45 66 3 3 -222 3345 0 0 33 2 57 8
9 3 22 45 8 99 3 1 0 33 8
33 11 -212 3 45 4 9 10 33
0 11 2 34 5 56 5 43 23 11
11 -3 44 -31 3 4 56 44 111 45 66 3 3 -222 3345 0 0 33 2 57 8
9 3 22 45 8 99 3 1 0 33 8
33 11 -212 3 45 4 9 10 33
0 11 2 34 5 56 5 43 23 11
11 -3 44 -31 3 4 56 44 111 45 66 3 3 -222 3345 0 0 33 2 57 8
9 3 22 45 8 99 3 1 0 33 8
33 11 -212 3 45 4 9 10 33
0 11 2 34 5 56 5 43 23 11
11 -3 44 -31 3 4 56 44 111 45 66 3 3 -222 3345 0 0 33 2 57 8
9 3 22 45 8 99 3 1 0 33 8
33 11 -212 3 45 4 9 10 33
0 11 2 34 5 56 5 43 23 11
11 -3 44 -31 3 4 56 44 111 45 66 3 3 -222 3345 0 0 33 2 57 8
9 3 22 45 8 99 3 1 0 33 8
33 11 -212 3 45 4 9 10 33
0 11 2 34 5 56 5 43 23 11
11 -3 44 -31 3 4 56 44 111 45 66 3 3 -222 3345 0 0 33 2 57 8
9 3 22 45 8 99 3 1 0 33 8
33 11 -212 3 45 4 9 10 33
0 11 2 34 5 56 5 43 23 11
11 -3 44 -31 3 4 56 44 111 45 66 3 3 -222 3345 0 0 33 2 57 8
9 3 22 45 8 99 3 1 0 33 8
33 11 -212 3 45 4 9 10 33
0 11 2 34 5 56 5 43 23 11
11 -3 44 -31 3 4 56 44 111 45 66 3 3 -222 3345 0 0 33 2 57 8
9 3 22 45 8 99 3 1 0 33 8
33 11 -212 3 45 4 9 10 33
0 11 2 34 5 56 5 43 23 11
11 -3 44 -31 3 4 56 44 111 45 66 3 3 -222 3345 0 0 33 2 57 8
9 3 22 45 8 99 3 1 0 33 8
33 11 -212 3 45 4 9 10 33
0 11 2 34 5 56 5 43 23 11
11 -3 44 -31 3 4 56 44 111 45 66 3 3 -222 3345 0 0 33 2 57 8
9 3 22 45 8 99 3 1 0 33 8
33 11 -212 3 45 4 9 10 33
0 11 2 34 5 56 5 43 23 11
11 -3 44 -31 3 4 56 44 111 45 66 3 3 -222 3345 0 0 33 2 57 8
9 3 22 45 8 99 3 1 0 33 8
33 11 -212 3 45 4 9 10 33
0 11 2 34 5 56 5 43 23 11
11 -3 44 -31 3 4 56 44 111 45 66 3 3 -222 3345 0 0 33 2 57 8
9 3 22 45 8 99 3 1 0 33 8
33 11 -212 3 45 4 9 10 33
0 11 2 34 5 56 5 43 23 11
11 -3 44 -31 3 4 56 44 111 45 66 3 3 -222 3345 0 0 33 2 57 8
9 3 22 45 8 99 3 1 0 33 8
33 11 -212 3 45 4 9 10 33
0 11 2 34 5 56 5 43 23 11
11 -3 44 -31 3 4 56 44 111 45 66 3 3 -222 3345 0 0 33 2 57 8
9 3 22 45 8 99 3 1 0 33 8
33 11 -212 3 45 4 9 10 33
0 11 2 34 5 56 5 43 23 11
11 -3 44 -31 3 4 56 44 111 45 66 3 3 -222 3345 0 0 33 2 57 8
9 3 22 45 8 99 3 1 0 33 8
33 11 -212 3 45 4 9 10 33
0 11 2 34 5 56 5 43 23 11
11 -3 44 -31 3 4 56 44 111 45 66 3 3 -222 3345 0 0 33 2 57 8
9 3 22 45 8 99 3 1 0 33 8
33 11 -212 3 45 4 9 10 33
0 11 2 34 5 56 5 43 23 11
11 -3 44 -31 3 4 56 44 111 45 66 3 3 -222 3345 0 0 33 2 57 8
9 3 22 45 8 99 3 1 0 33 8
33 11 -212 3 45 4 9 10 33
0 11 2 34 5 56 5 43 23 11
11 -3 44 -31 3 4 56 44 111 45 66 3 3 -222 3345 0 0 33 2 57 8
9 3 22 45 8 99 3 1 0 33 8
33 11 -212 3 45 4 9 10 33
0 11 2 34 5 56 5 43 23 11
11 -3 44 -31 3 4 56 44 111 45 66 3 3 -222 3345 0 0 33 2 57 8
9 3 22 45 8 99 3 1 0 33 8
33 11 -212 3 45 4 9 10 33
0 11 2 34 5 56 5 43 23 11
11 -3 44 -31 3 4 56 44 111 45 66 3 3 -222 3345 0 0 33 2 57 8
9 3 22 45 8 99 3 1 0 33 8
33 11 -212 3 45 4 9 10 33
0 11 2 34 5 56 5 43 23 11
11 -3 44 -31 3 4 56 44 111 45 66 3 3 -222 3345 0 0 33 2 57 8
9 3 22 45 8 99 3 1 0 33 8
33 11 -212 3 45 4 9 10 33
0 11 2 34 5 56 5 43 23 11
11 -3 44 -31 3 4 56 44 111 45 66 3 3 -222 3345 0 0 33 2 57 8
9 3 22 45 8 99 3 1 0 33 8
33 11 -212 3 45 4 9 10 33
0 11 2 34 5 56 5 43 23 11
11 -3 44 -31 3 4 56 44 111 45 66 3 3 -222 3345 0 0 33 2 57 8
9 3 22 45 8 99 3 1 0 33 8
33 11 -212 3 45 4 9 10 33
0 11 2 34 5 56 5 43 23 11
11 -3 44 -31 3 4 56 44 111 45 66 3 3 -222 3345 0 0 33 2 57 8
9 3 22 45 8 99 3 1 0 33 8
33 11 -212 3 45 4 9 10 33
0 11 2 34 5 56 5 43 23 11
11 -3 44 -31 3 4 56 44 111 45 66 3 3 -222 3345 0 0 33 2 57 8
9 3 22 45 8 99 3 1 0 33 8
33 11 -212 3 45 4 9 10 33
0 11 2 34 5 56 5 43 23 11
11 -3 44 -31 3 4 56 44 111 45 66 3 3 -222 3345 0 0 33 2 57 8
9 3 22 45 8 99 3 1 0 33 8
33 11 -212 3 45 4 9 10 33
0 11 2 34 5 56 5 43 23 11
11 -3 44 -31 3 4 56 44 111 45 66 3 3 -222 3345 0 0 33 2 57 8
9 3 22 45 8 99 3 1 0 33 8
33 11 -212 3 45 4 9 10 33
0 11 2 34 5 56 5 43 23 11
11 -3 44 -31 3 4 56 44 111 45 66 3 3 -222 3345 0 0 33 2 57 8
9 3 22 45 8 99 3 1 0 33 8
33 11 -212 3 45 4 9 10 33
0 11 2 34 5 56 5 43 23 11
11 -3 44 -31 3 4 56 44 111 45 66 3 3 -222 3345 0 0 33 2 57 8
9 3 22 45 8 99 3 1 0 33 8
33 11 -212 3 45 4 9 10 33
0 11 2 34 5 56 5 43 23 11
11 -3 44 -31 3 4 56 44 111 45 66 3 3 -222 3345 0 0 33 2 57 8
9 3 22 45 8 99 3 1 0 33 8
33 11 -212 3 45 4 9 10 33
0 11 2 34 5 56 5 43 23 11
11 -3 44 -31 3 4 56 44 111 45 66 3 3 -222 3345 0 0 33 2 57 8
9 3 22 45 8 99 3 1 0 33 8
33 11 -212 3 45 4 9 10 33
0 11 2 34 5 56 5 43 23 11
11 -3 44 -31 3 4 56 44 111 45 66 3 3 -222 3345 0 0 33 2 57 8
9 3 22 45 8 99 3 1 0 33 8
33 11 -212 3 45 4 9 10 33
0 11 2 34 5 56 5 43 23 11
11 -3 44 -31 3 4 56 44 111 45 66 3 3 -222 3345 0 0 33 2 57 8
9 3 22 45 8 99 3 1 0 33 8
33 11 -212 3 45 4 9 10 33
0 11 2 34 5 56 5 43 23 11
11 -3 44 -31 3 4 56 44 111 45 66 3 3 -222 3345 0 0 33 2 57 8
9 3 22 45 8 99 3 1 0 33 8
33 11 -212 3 45 4 9 10 33
0 11 2 34 5 56 5 43 23 11
11 -3 44 -31 3 4 56 44 111 45 66 3 3 -222 3345 0 0 33 2 57 8
9 3 22 45 8 99 3 1 0 33 8
33 11 -212 3 45 4 9 10 33
0 11 2 34 5 56 5 43 23 11
11 -3 44 -31 3 4 56 44 111 45 66 3 3 -222 3345 0 0 33 2 57 8
9 3 22 45 8 99 3 1 0 33 8
33 11 -212 3 45 4 9 10 33
0 11 2 34 5 56 5 43 23 11
11 -3 44 -31 3 4 56 44 111 45 66 3 3 -222 3345 0 0 33 2 57 8
9 3 22 45 8 99 3 1 0 33 8
33 11 -212 3 45 4 9 10 33
0 11 2 34 5 56 5 43 23 11
11 -3 44 -31 3 4 56 44 111 45 66 3 3 -222 3345 0 0 33 2 57 8
9 3 22 45 8 99 3 1 0 33 8
33 11 -212 3 45 4 9 10 33
0 11 2 34 5 56 5 43 23 11
11 -3 44 -31 3 4 56 44 111 45 66 3 3 -222 3345 0 0 33 2 57 8
9 3 22 45 8 99 3 1 0 33 8
33 11 -212 3 45 4 9 10 33
0 11 2 34 5 56 5 43 23 11
11 -3 44 -31 3 4 56 44 111 45 66 3 3 -222 3345 0 0 33 2 57 8
9 3 22 45 8 99 3 1 0 33 8
33 11 -212 3 45 4 9 10 33
0 11 2 34 5 56 5 43 23 11
11 -3 44 -31 3 4 56 44 111 45 66 3 3 -222 3345 0 0 33 2 57 8
9 3 22 45 8 99 3 1 0 33 8
33 11 -212 3 45 4 9 10 33
0 11 2 34 5 56 5 43 23 11
11 -3 44 -31 3 4 56 44 111 45 66 3 3 -222 3345 0 0 33 2 57 8
9 3 22 45 8 99 3 1 0 33 8
33 11 -212 3 45 4 9 10 33
0 11 2 34 5 56 5 43 23 11
11 -3 44 -31 3 4 56 44 111 45 66 3 3 -222 3345 0 0 33 2 57 8
9 3 22 45 8 99 3 1 0 33 8
33 11 -212 3 45 4 9 10 33
0 11 2 34 5 56 5 43 23 11
11 -3 44 -31 3 4 56 44 111 45 66 3 3 -222 3345 0 0 33 2 57 8
9 3 22 45 8 99 3 1 0 33 8
33 11 -212 3 45 4 9 10 33
0 11 2 34 5 56 5 43 23 11
11 -3 44 -31 3 4 56 44 111 45 66 3
20 3 777 55 443 -334 -87 001 89 09 78 2 1 2 3 4 5 6 7 10 1 2 3 4 5 6 7 10
20 3 777 55 443 -334 -87 001 89 09 78 2 1 2 3 4 5 6 7 10 1 2 3 4 5 6 7 10
20 3 777 55 443 -334 -87 001 89 09 78 2 1 2 3 4 5 6 7 10 1 2 3 4 5 6 7 10
20 3 777 55 443 -334 -87 001 89 09 78 2 1 2 3 4 5 6 7 10 1 2 3 4 5 6 7 10
20 3 777 55 443 4 -87 001 89 09 78 2 1 2 3 4 5 6 7 10 1 2 3 4 5 6 7 10
20 3 777 55 443 -334 -87 001 89 09 78 2 1 2 3 4 5 6 7 10 1 2 3 4 5 6 7 10
20 3 777 55 443 -334 -87 001 89 09 78 2 1 2 3 4 5 6 7 10 1 2 3 4 5 6 7 10
20 3 777 55 443 -334 -87 001 89 09 78 2 1 2 3 4 5 6 7 10 1 2 3 4 5 6 7 10
20 3 777 55 443 -334 -87 001 89 09 78 2 1 2 3 4 5 6 7 10 1 2 3 4 5 6 7 10
20 3 777 55 443 -334 -87 001 89 09 78 2 1 2 3 4 5 6 7 10 1 2 3 4 5 6 7 10
20 3 777 55 443 -334 -87 001 89 09 78 2 1 2 3 4 5 6 7 10 1 2 3 4 5 6 7 10
20 3 777 55 443 -334 -87 001 89 09 78 2 1 2 3 4 5 6 7 10 1 2 3 4 5 6 7 10
20 3 777 55 443 -334 -87 001 89 09 78 2 1 2 3 4 5 6 7 10 1 2 3 4 5 6 7 10
20 3 777 55 443 -334 -87 001 89 09 78 2 1 2 3 4 5 6 7 10 1 2 3 4 5 6 7 10
20 3 777 55 443 -334 -87 001 89 09 78 2 1 2 3 4 5 6 7 10 1 2 3 4 5 6 7 10
20 3 777 55 443 -334 -87 001 89 09 78 2 1 2 3 4 5 6 7 10 1 2 3 4 5 6 7 10
20 3 777 55 443 -334 -87 001 89 09 78 2 1 2 3 4 5 6 7 10 1 2 3 4 5 6 7 10
20 3 777 55 443 -334 -87 001 89 09 78 2 1 2 3 4 5 6 7 10 1 2 3 4 5 6 7 10
20 3 777 55 443 -334 -87 001 89 09 78 2 1 2 3 4 5 6 7 10 1 2 3 4 5 6 7 10
20 3 777 55 443 -334 -87 001 89 09 78 2 1 2 3 4 5 6 7 10 1 2 3 4 5 6 7 10
20 3 777 55 443 -334 -87 001 89 09 78 2 1 2 3 4 5 6 7 10 1 2 3 4 5 6 7 10
20 3 777 55 443 -334 -87 001 89 09 78 2 1 2 3 4 5 6 7 10 1 2 3 4 5 6 7 10
20 3 777 55 443 -334 -87 001 89 09 78 2 1 2 3 4 5 6 7 10 1 2 3 4 5 6 7 10
20 3 777 55 443 -334 -87 001 89 09 78 2 1 2 3 4 5 6 7 10 1 2 3 4 5 6 7 10
20 3 777 55 443 -334 -87 001 89 09 78 2 1 2 3 4 5 6 7 10 1 2 3 4 5 6 7 10
20 3 777 55 443 -334 -87 001 89 09 78 2 1 2 3 4 5 6 7 10 1 2 3 4 5 6 7 10
20 3 777 55 443 -334 -87 001 89 09 78 2 1 2 3 4 5 6 7 10 1 2 3 4 5 6 7 10
20 3 777 55 443 -334 -87 001 89 09 78 2 1 2 3 4 5 6 7 10 1 2 3 4 5 6 7 10
20 3 777 55 443 -334 -87 001 89 09 78 2 1 2 3 4 5 6 7 10 1 2 3 4 5 6 7 10
20 3 777 55 443 -334 -87 001 89 09 78 2 1 2 3 4 5 6 7 10 1 2 3 4 5 6 7 10
20 3 777 55 443 -334 -87 001 89 09 78 2 1 2 3 4 5 6 7 10 1 2 3 4 5 6 7 10
20 3 777 55 443 -334 -87 001 89 09 78 2 1 2 3 4 5 6 7 10 1 2 3 4 5 6 7 10
20 3 777 55 443 -334 -87 001 89 09 78 2 1 2 3 4 5 6 7 10 1 2 3 4 5 6 7 10
20 3 777 55 443 -334 -87 001 89 09 78 2 1 2 3 4 5 6 7 10 1 2 3 4 5 6 7 10
20 3 777 55 443 -334 -87 001 89 09 78 2 1 2 3 4 5 6 7 10 1 2 3 4 5 6 7 10
20 3 777 55 443 -334 -87 001 89 09 78 2 1 2 3 4 5 6 7 10 1 2 3 4 5 6 7 10
20 3 777 55 443 -334 -87 001 89 09 78 2 1 2 3 4 5 6 7 10 1 2 3 4 5 6 7 10
20 3 777 55 443 -334 -87 001 89 09 78 2 1 2 3 4 5 6 7 10 1 2 3 4 5 6 7 10
20 3 777 55 443 -334 -87 001 89 09 78 2 1 2 3 4 5 6 7 10 1 2 3 4 5 6 7 10
20 3 777 55 443 -334 -87 001 89 09 78 2 1 2 3 4 5 6 7 10 1 2 3 4 5 6 7 10
20 3 777 55 443 -334 -87 001 89 09 78 2 1 2 3 4 5 6 7 10 1 2 3 4 5 6 7 10
20 3 777 55 443 -334 -87 001 89 09 78 2 1 2 3 4 5 6 7 10 1 2 3 4 5 6 7 10
20 3 777 55 443 -334 -87 001 89 09 78 2 1 2 3 4 5 6 7 10 1 2 3 4 5 6 7 10
20 3 777 55 443 -334 -87 001 89 09 78 2 1 2 3 4 5 6 7 10 1 2 3 4 5 6 7 10
20 3 777 55 443 -334 -87 001 89 09 78 2 1 2 3 4 5 6 7 10 1 2 3 4 5 6 7 10
20 3 777 55 443 -334 -87 001 89 09 78 2 1 2 3 4 5 6 7 10 1 2 3 4 5 6 7 10
20 3 777 55 443 -334 -87 001 89 09 78 2 1 2 3 4 5 6 7 10 1 2 3 4 5 6 7 10
20 3 777 55 443 -334 -87 001 89 09 78 2 1 2 3 4 5 6 7 10 1 2 3 4 5 6 7 10
20 3 777 55 443 -334 -87 001 89 09 78 2 1 2 3 4 5 6 7 10 1 2 3 4 5 6 7 10
20 3 777 55 443 -334 -87 001 89 09 78 2 1 2 3 4 5 6 7 10 1 2 3 4 5 6 7 10
20 3 777 55 443 -334 -87 001 89 09 78 2 1 2 3 4 5 6 7 10 1 2 3 4 5 6 7 10
20 3 777 55 443 -334 -87 001 89 09 78 2 1 2 3 4 5 6 7 10 1 2 3 4 5 6 7 10
20 3 777 55 443 -334 -87 001 89 09 78 2 1 2 3 4 5 6 7 10 1 2 3 4 5 6 7 10
20 3 777 55 443 -334 -87 001 89 09 78 2 1 2 3 4 5 6 7 10 1 2 3 4 5 6 7 10
20 3 777 55 443 -334 -87 001 89 09 78 2 1 2 3 4 5 6 7 10 1 2 3 4 5 6 7 10
20 3 777 55 443 -334 -87 001 89 09 78 2 1 2 3 4 5 6 7 10 1 2 3 4 5 6 7 10
20 3 777 55 443 -334 -87 001 89 09 78 2 1 2 3 4 5 6 7 10 1 2 3 4 5 6 7 10
20 3 777 55 443 -334 -87 001 89 09 78 2 1 2 3 4 5 6 7 10 1 2 3 4 5 6 7 10
20 3 777 55 443 -334 -87 001 89 09 78 2 1 2 3 4 5 6 7 10 1 2 3 4 5 6 7 10
20 3 777 55 443 -334 -87 001 89 09 78 2 1 2 3 4 5 6 7 10 1 2 3 4 5 6 7 10
20 3 777 55 443 -334 -87 001 89 09 78 2 1 2 3 4 5 6 7 10 1 2 3 4 5 6 7 10
20 3 777 55 443 -334 -87 001 89 09 78 2 1 2 3 4 5 6 7 10 1 2 3 4 5 6 7 10
20 3 777 55 443 -334 -87 001 89 09 78 2 1 2 3 4 5 6 7 10 1 2 3 4 5 6 7 10
20 3 777 55 443 -334 -87 001 89 09 78 2 1 2 3 4 5 6 7 10 1 2 3 4 5 6 7 10
20 3 777 55 443 -334 -87 001 89 09 78 2 1 2 3 4 5 6 7 10 1 2 3 4 5 6 7 10
20 3 777 55 443 -334 -87 001 89 09 78 2 1 2 3 4 5 6 7 10 1 2 3 4 5 6 7 10
20 3 777 55 443 -334 -87 001 89 09 78 2 1 2 3 4 5 6 7 10 1 2 3 4 5 6 7 10
20 3 777 55 443 -334 -87 001 89 09 78 2 1 2 3 4 5 6 7 10 1 2 3 4 5 6 7 10
20 3 777 55 443 -334 -87 001 89 09 78 2 1 2 3 4 5 6 7 10 1 2 3 4 5 6 7 10
20 3 777 55 443 -334 -87 001 89 09 78 2 1 2 3 4 5 6 7 10 1 2 3 4 5 6 7 10
20 3 777 55 443 -334 -87 001 89 09 78 2 1 2 3 4 5 6 7 10 1 2 3 4 5 6 7 10
20 3 777 55 443 -334 -87 001 89 09 78 2 1 2 3 4 5 6 7 10 1 2 3 4 5 6 7 10
20 3 777 55 443 -334 -87 001 89 09 78 2 1 2 3 4 5 6 7 10 1 2 3 4 5 6 7 10
20 3 777 55 443 -334 -87 001 89 09 78 2 1 2 3 4 5 6 7 10 1 2 3 4 5 6 7 10
20 3 777 55 443 -334 -87 001 89 09 78 2 1 2 3 4 5 6 7 10 1 2 3 4 5 6 7 10
20 3 777 55 443 -334 -87 001 89 09 78 2 1 2 3 4 5 6 7 10 1 2 3 4 5 6 7 10
20 3 777 55 443 -334 -87 001 89 09 78 2 1 2 3 4 5 6 7 10 1 2 3 4 5 6 7 10
20 3 777 55 443 -334 -87 001 89 09 78 2 1 2 3 4 5 6 7 10 1 2 3 4 5 6 7 10
20 3 777 55 443 -334 -87 001 89 09 78 2 1 2 3 4 5 6 7 10 1 2 3 4 5 6 7 10
20 3 777 55 443 -334 -87 001 89 09 78 2 1 2 3 4 5 6 7 10 1 2 3 4 5 6 7 10
20 3 777 55 443 -334 -87 001 89 09 78 2 1 2 3 4 5 6 7 10 1 2 3 4 5 6 7 10
20 3 777 55 443 -334 -87 001 89 09 78 2 1 2 3 4 5 6 7 10 1 2 3 4 5 6 7 10
20 3 777 55 443 -334 -87 001 89 09 78 2 1 2 3 4 5 6 7 10 1 2 3 4 5 6 7 10
20 3 777 55 443 -334 -87 001 89 09 78 2 1 2 3 4 5 6 7 10 1 2 3 4 5 6 7 10
20 3 777 55 443 -334 -87 001 89 09 78 2 1 2 3 4 5 6 7 10 1 2 3 4 5 6 7 10
20 3 777 55 443 -334 -87 001 89 09 78 2 1 2 3 4 5 6 7 10 1 2 3 4 5 6 7 10
20 3 777 55 443 -334 -87 001 89 09 78 2 1 2 3 4 5 6 7 10 1 2 3 4 5 6 7 10
20 3 777 55 443 -334 -87 001 89 09 78 2 1 2 3 4 5 6 7 10 1 2 3 4 5 6 7 10
20 3 777 55 443 -334 -87 001 89 09 78 2 1 2 3 4 5 6 7 10 1 2 3 4 5 6 7 10
20 3 777 55 443 -334 -87 001 89 09 78 2 1 2 3 4 5 6 7 10 1 2 3 4 5 6 7 10
20 3 777 55 443 -334 -87 001 89 09 78 2 1 2 3 4 5 6 7 10 1 2 3 4 5 6 7 10
20 3 777 55 443 -334 -87 001 89 09 78 2 1 2 3 4 5 6 7 10 1 2 3 4 5 6 7 10
20 3 777 55 443 -334 -87 001 89 09 78 2 1 2 3 4 5 6 7 10 1 2 3 4 5 6 7 10
20 3 777 55 443 -334 -87 001 89 09 78 2 1 2 3 4 5 6 7 10 1 2 3 4 5 6 7 10
20 3 777 55 443 -334 -87 001 89 09 78 2 1 2 3 4 5 6 7 10 1 2 3 4 5 6 7 10
20 3 777 55 443 -334 -87 001 89 09 78 2 1 2 3 4 5 6 7 10 1 2 3 4 5 6 7 10
