20 3 3 443 -334 -87 001 89 09 78 2 1 2 3 4 5 6 7 10 1 2 3 4 5 6 7 10
20 3 67 55 443 -334 -87 001 89 09 78 2 1 2 3 4 5 6 7 10 1 2 3 4 5 6 7 10
20 3 777 55 443 -334 -87 001 89 09 78 2 1 2 3 4 5 6 7 10 1 2 3 4 5 6 7 10
20 3 777 55 443 -334 -87 001 89 09 78 2 1 2 3 4 5 6 7 10 1 2 3 4 5 6 7 10
20 3 777 55 443 -334 -87 001 89 09 78 2 1 2 3 4 5 6 7 10 1 2 3 4 5 6 7 10
20 3 777 55 443 -334 -87 001 89 09 78 2 1 2 3 4 5 6 7 10 1 2 3 4 5 6 7 10
20 3 777 55 443 -334 -87 001 89 09 78 2 1 2 3 4 5 6 7 10 1 2 3 4 5 6 7 10
20 3 777 55 443 -334 -87 001 89 09 78 2 1 2 3 4 5 6 7 10 1 2 3 4 5 6 7 10
20 3 777 55 443 -334 -87 001 89 09 78 2 1 2 3 4 5 6 7 10 1 2 3 4 5 6 7 10
20 3 777 55 443 -334 -87 001 89 09 78 2 1 2 3 4 5 6 7 10 1 2 3 4 5 6 7 10
20 3 777 55 443 -334 -87 001 89 09 78 2 1 2 3 4 5 6 7 10 1 2 3 4 5 6 7 10
20 3 777 55 443 -334 -87 001 89 09 78 2 1 2 3 4 5 6 7 10 1 2 3 4 5 6 7 10
20 3 777 55 443 -334 -87 001 89 09 78 2 1 2 3 4 5 6 7 10 1 2 3 4 5 6 7 10
20 3 777 55 443 -334 -87 001 89 09 78 2 1 2 3 4 5 6 7 10 1 2 3 4 5 6 7 10
20 3 777 55 443 4 -87 001 89 09 78 2 1 2 3 4 5 6 7 10 1 2 3 4 5 6 7 10
20 3 777 55 443 -334 -87 001 89 09 78 2 1 2 3 4 5 6 7 10 1 2 3 4 5 6 7 10
20 3 777 55 443 -334 -87 001 89 09 78 2 1 2 3 4 5 6 7 10 1 2 3 4 5 6 7 10
20 3 777 55 443 -334 -87 001 89 09 78 2 1 2 3 4 5 6 7 10 1 2 3 4 5 6 7 10
20 3 777 55 443 -334 -87 001 89 09 78 2 1 2 3 4 5 6 7 10 1 2 3 4 5 6 7 10
20 3 777 55 443 -334 -87 001 89 09 78 2 1 2 3 4 5 6 7 10 1 2 3 4 5 6 7 10
20 3 777 55 443 -334 -87 001 89 09 78 2 1 2 3 4 5 6 7 10 1 2 3 4 5 6 7 10
20 3 777 55 443 -334 -87 001 89 09 78 2 1 2 3 4 5 6 7 10 1 2 3 4 5 6 7 10
20 3 777 55 443 -334 -87 001 89 09 78 2 1 2 3 4 5 6 7 10 1 2 3 4 5 6 7 10
20 3 777 55 443 -334 -87 001 89 09 78 2 1 2 3 4 5 6 7 10 1 2 3 4 5 6 7 10
20 3 777 55 443 -334 -87 001 89 09 78 2 1 2 3 4 5 6 7 10 1 2 3 4 5 6 7 10
20 3 777 55 443 -334 -87 001 89 09 78 2 1 2 3 4 5 6 7 10 1 2 3 4 5 6 7 10
20 3 777 55 443 -334 -87 001 89 09 78 2 1 2 3 4 5 6 7 10 1 2 3 4 5 6 7 10
20 3 777 55 443 -334 -87 001 89 09 78 2 1 2 3 4 5 6 7 10 1 2 3 4 5 6 7 10
20 3 777 55 443 -334 -87 001 89 09 78 2 1 2 3 4 5 6 7 10 1 2 3 4 5 6 7 10
20 3 777 55 443 -334 -87 001 89 09 78 2 1 2 3 4 5 6 7 10 1 2 3 4 5 6 7 10
20 3 777 55 443 -334 -87 001 89 09 78 2 1 2 3 4 5 6 7 10 1 2 3 4 5 6 7 10
20 3 777 55 443 -334 -87 001 89 09 78 2 1 2 3 4 5 6 7 10 1 2 3 4 5 6 7 10
20 3 777 55 443 -334 -87 001 89 09 78 2 1 2 3 4 5 6 7 10 1 2 3 4 5 6 7 10
20 3 777 55 443 -334 -87 001 89 09 78 2 1 2 3 4 5 6 7 10 1 2 3 4 5 6 7 10
20 3 777 55 443 -334 -87 001 89 09 78 2 1 2 3 4 5 6 7 10 1 2 3 4 5 6 7 10
20 3 777 55 443 -334 -87 001 89 09 78 2 1 2 3 4 5 6 7 10 1 2 3 4 5 6 7 10
20 3 777 55 443 -334 -87 001 89 09 78 2 1 2 3 4 5 6 7 10 1 2 3 4 5 6 7 10
20 3 777 55 443 -334 -87 001 89 09 78 2 1 2 3 4 5 6 7 10 1 2 3 4 5 6 7 10
20 3 777 55 443 -334 -87 001 89 09 78 2 1 2 3 4 5 6 7 10 1 2 3 4 5 6 7 10
20 3 777 55 443 -334 -87 001 89 09 78 2 1 2 3 4 5 6 7 10 1 2 3 4 5 6 7 10
20 3 777 55 443 -334 -87 001 89 09 78 2 1 2 3 4 5 6 7 10 1 2 3 4 5 6 7 10
20 3 777 55 443 -334 -87 001 89 09 78 2 1 2 3 4 5 6 7 10 1 2 3 4 5 6 7 10
20 3 777 55 443 -334 -87 001 89 09 78 2 1 2 3 4 5 6 7 10 1 2 3 4 5 6 7 10
20 3 777 55 443 -334 -87 001 89 09 78 2 1 2 3 4 5 6 7 10 1 2 3 4 5 6 7 10
20 3 777 55 443 -334 -87 001 89 09 78 2 1 2 3 4 5 6 7 10 1 2 3 4 5 6 7 10
20 3 777 55 443 -334 -87 001 89 09 78 2 1 2 3 4 5 6 7 10 1 2 3 4 5 6 7 10
20 3 777 55 443 -334 -87 001 89 09 78 2 1 2 3 4 5 6 7 10 1 2 3 4 5 6 7 10
20 3 777 55 443 -334 -87 001 89 09 78 2 1 2 3 4 5 6 7 10 1 2 3 4 5 6 7 10
20 3 777 55 443 -334 -87 001 89 09 78 2 1 2 3 4 5 6 7 10 1 2 3 4 5 6 7 10
20 3 777 55 443 -334 -87 001 89 09 78 2 1 2 3 4 5 6 7 10 1 2 3 4 5 6 7 10
20 3 777 55 443 -334 -87 001 89 09 78 2 1 2 3 4 5 6 7 10 1 2 3 4 5 6 7 10
20 3 777 55 443 -334 -87 001 89 09 78 2 1 2 3 4 5 6 7 10 1 2 3 4 5 6 7 10
20 3 777 55 443 -334 -87 001 89 09 78 2 1 2 3 4 5 6 7 10 1 2 3 4 5 6 7 10
20 3 777 55 443 -334 -87 001 89 09 78 2 1 2 3 4 5 6 7 10 1 2 3 4 5 6 7 10
20 3 777 55 443 -334 -87 001 89 09 78 2 1 2 3 4 5 6 7 10 1 2 3 4 5 6 7 10
20 3 777 55 443 -334 -87 001 89 09 78 2 1 2 3 4 5 6 7 10 1 2 3 4 5 6 7 10
20 3 777 55 443 -334 -87 001 89 09 78 2 1 2 3 4 5 6 7 10 1 2 3 4 5 6 7 10
20 3 777 55 443 -334 -87 001 89 09 78 2 1 2 3 4 5 6 7 10 1 2 3 4 5 6 7 10
20 3 777 55 443 -334 -87 001 89 09 78 2 1 2 3 4 5 6 7 10 1 2 3 4 5 6 7 10
20 3 777 55 443 -334 -87 001 89 09 78 2 1 2 3 4 5 6 7 10 1 2 3 4 5 6 7 10
20 3 777 55 443 -334 -87 001 89 09 78 2 1 2 3 4 5 6 7 10 1 2 3 4 5 6 7 10
20 3 777 55 443 -334 -87 001 89 09 78 2 1 2 3 4 5 6 7 10 1 2 3 4 5 6 7 10
20 3 777 55 443 -334 -87 001 89 09 78 2 1 2 3 4 5 6 7 10 1 2 3 4 5 6 7 10
20 3 777 55 443 -334 -87 001 89 09 78 2 1 2 3 4 5 6 7 10 1 2 3 4 5 6 7 10
20 3 777 55 443 -334 -87 001 89 09 78 2 1 2 3 4 5 6 7 10 1 2 3 4 5 6 7 10
20 3 777 55 443 -334 -87 001 89 09 78 2 1 2 3 4 5 6 7 10 1 2 3 4 5 6 7 10
20 3 777 55 443 -334 -87 001 89 09 78 2 1 2 3 4 5 6 7 10 1 2 3 4 5 6 7 10
20 3 777 55 443 -334 -87 001 89 09 78 2 1 2 3 4 5 6 7 10 1 2 3 4 5 6 7 10
20 3 777 55 443 -334 -87 001 89 09 78 2 1 2 3 4 5 6 7 10 1 2 3 4 5 6 7 10
20 3 777 55 443 -334 -87 001 89 09 78 2 1 2 3 4 5 6 7 10 1 2 3 4 5 6 7 10
20 3 777 55 443 -334 -87 001 89 09 78 2 1 2 3 4 5 6 7 10 1 2 3 4 5 6 7 10
20 3 777 55 443 -334 -87 001 89 09 78 2 1 2 3 4 5 6 7 10 1 2 3 4 5 6 7 10
20 3 777 55 443 -334 -87 001 89 09 78 2 1 2 3 4 5 6 7 10 1 2 3 4 5 6 7 10
20 3 777 55 443 -334 -87 001 89 09 78 2 1 2 3 4 5 6 7 10 1 2 3 4 5 6 7 10
20 3 777 55 443 -334 -87 001 89 09 78 2 1 2 3 4 5 6 7 10 1 2 3 4 5 6 7 10
20 3 777 55 443 -334 -87 001 89 09 78 2 1 2 3 4 5 6 7 10 1 2 3 4 5 6 7 10
20 3 777 55 443 -334 -87 001 89 09 78 2 1 2 3 4 5 6 7 10 1 2 3 4 5 6 7 10
20 3 777 55 443 -334 -87 001 89 09 78 2 1 2 3 4 5 6 7 10 1 2 3 4 5 6 7 10
20 3 777 55 443 -334 -87 001 89 09 78 2 1 2 3 4 5 6 7 10 1 2 3 4 5 6 7 10
20 3 777 55 443 -334 -87 001 89 09 78 2 1 2 3 4 5 6 7 10 1 2 3 4 5 6 7 10
20 3 777 55 443 -334 -87 001 89 09 78 2 1 2 3 4 5 6 7 10 1 2 3 4 5 6 7 10
20 3 777 55 443 -334 -87 001 89 09 78 2 1 2 3 4 5 6 7 10 1 2 3 4 5 6 7 10
20 3 777 55 443 -334 -87 001 89 09 78 2 1 2 3 4 5 6 7 10 1 2 3 4 5 6 7 10
20 3 777 55 443 -334 -87 001 89 09 78 2 1 2 3 4 5 6 7 10 1 2 3 4 5 6 7 10
20 3 777 55 443 -334 -87 001 89 09 78 2 1 2 3 4 5 6 7 10 1 2 3 4 5 6 7 10
20 3 777 55 443 -334 -87 001 89 09 78 2 1 2 3 4 5 6 7 10 1 2 3 4 5 6 7 10
20 3 777 55 443 -334 -87 001 89 09 78 2 1 2 3 4 5 6 7 10 1 2 3 4 5 6 7 10
20 3 777 55 443 -334 -87 001 89 09 78 2 1 2 3 4 5 6 7 10 1 2 3 4 5 6 7 10
20 3 777 55 443 -334 -87 001 89 09 78 2 1 2 3 4 5 6 7 10 1 2 3 4 5 6 7 10
20 3 777 55 443 -334 -87 001 89 09 78 2 1 2 3 4 5 6 7 10 1 2 3 4 5 6 7 10
20 3 777 55 443 -334 -87 001 89 09 78 2 1 2 3 4 5 6 7 10 1 2 3 4 5 6 7 10
20 3 777 55 443 -334 -87 001 89 09 78 2 1 2 3 4 5 6 7 10 1 2 3 4 5 6 7 10
20 3 777 55 443 -334 -87 001 89 09 78 2 1 2 3 4 5 6 7 10 1 2 3 4 5 6 7 10
20 3 777 55 443 -334 -87 001 89 09 78 2 1 2 3 4 5 6 7 10 1 2 3 4 5 6 7 10
20 3 777 55 443 -334 -87 001 89 09 78 2 1 2 3 4 5 6 7 10 1 2 3 4 5 6 7 10
20 3 777 55 443 -334 -87 001 89 09 78 2 1 2 3 4 5 6 7 10 1 2 3 4 5 6 7 10
20 3 777 55 443 -334 -87 001 89 09 78 2 1 2 3 4 5 6 7 10 1 2 3 4 5 6 7 10
20 3 777 55 443 -334 -87 001 89 09 78 2 1 2 3 4 5 6 7 10 1 2 3 4 5 6 7 10
20 3 777 55 443 -334 -87 001 89 09 78 2 1 2 3 4 5 6 7 10 1 2 3 4 5 6 7 10
20 3 777 55 443 -334 -87 001 89 09 78 2 1 2 3 4 5 6 7 10 1 2 3 4 5 6 7 10
20 3 777 55 443 -334 -87 001 89 09 78 2 1 2 3 4 5 6 7 10 1 2 3 4 5 6 7 10
20 3 777 55 443 -334 -87 001 89 09 78 2 1 2 3 4 5 6 7 10 1 2 3 4 5 6 7 10
20 3 777 55 443 -334 -87 001 89 09 78 2 1 2 3 4 5 6 7 10 1 2 3 4 5 6 7 10
20 3 777 55 443 -334 -87 001 89 09 78 2 1 2 3 4 5 6 7 10 1 2 3 4 5 6 7 10
20 3 777 55 443 -334 -87 001 89 09 78 2 1 2 3 4 5 6 7 10 1 2 3 4 5 6 7 10
20 3 777 55 443 -334 -87 001 89 09 78 2 1 2 3 4 5 6 7 10 1 2 3 4 5 6 7 10
20 3 777 55 443 -334 -87 001 89 09 78 2 1 2 3 4 5 6 7 10 1 2 3 4 5 6 7 10
20 3 777 55 443 -334 -87 001 89 09 78 2 1 2 3 4 5 6 7 10 1 2 3 4 5 6 7 10
20 3 777 55 443 -334 -87 001 89 09 78 2 1 2 3 4 5 6 7 10 1 2 3 4 5 6 7 10
20 3 777 55 443 -334 -87 001 89 09 78 2 1 2 3 4 5 6 7 10 1 2 3 4 5 6 7 10
20 3 777 55 443 4 -87 001 89 09 78 2 1 2 3 4 5 6 7 10 1 2 3 4 5 6 7 10
20 3 777 55 443 -334 -87 001 89 09 78 2 1 2 3 4 5 6 7 10 1 2 3 4 5 6 7 10
20 3 777 55 443 -334 -87 001 89 09 78 2 1 2 3 4 5 6 7 10 1 2 3 4 5 6 7 10
20 3 777 55 443 -334 -87 001 89 09 78 2 1 2 3 4 5 6 7 10 1 2 3 4 5 6 7 10
20 3 777 55 443 -334 -87 001 89 09 78 2 1 2 3 4 5 6 7 10 1 2 3 4 5 6 7 10
20 3 777 55 443 -334 -87 001 89 09 78 2 1 2 3 4 5 6 7 10 1 2 3 4 5 6 7 10
20 3 777 55 443 -334 -87 001 89 09 78 2 1 2 3 4 5 6 7 10 1 2 3 4 5 6 7 10
20 3 777 55 443 -334 -87 001 89 09 78 2 1 2 3 4 5 6 7 10 1 2 3 4 5 6 7 10
20 3 777 55 443 -334 -87 001 89 09 78 2 1 2 3 4 5 6 7 10 1 2 3 4 5 6 7 10
20 3 777 55 443 -334 -87 001 89 09 78 2 1 2 3 4 5 6 7 10 1 2 3 4 5 6 7 10
20 3 777 55 443 -334 -87 001 89 09 78 2 1 2 3 4 5 6 7 10 1 2 3 4 5 6 7 10
20 3 777 55 443 -334 -87 001 89 09 78 2 1 2 3 4 5 6 7 10 1 2 3 4 5 6 7 10
20 3 777 55 443 -334 -87 001 89 09 78 2 1 2 3 4 5 6 7 10 1 2 3 4 5 6 7 10
20 3 777 55 443 -334 -87 001 89 09 78 2 1 2 3 4 5 6 7 10 1 2 3 4 5 6 7 10
20 3 777 55 443 -334 -87 001 89 09 78 2 1 2 3 4 5 6 7 10 1 2 3 4 5 6 7 10
20 3 777 55 443 -334 -87 001 89 09 78 2 1 2 3 4 5 6 7 10 1 2 3 4 5 6 7 10
20 3 777 55 443 -334 -87 001 89 09 78 2 1 2 3 4 5 6 7 10 1 2 3 4 5 6 7 10
20 3 777 55 443 -334 -87 001 89 09 78 2 1 2 3 4 5 6 7 10 1 2 3 4 5 6 7 10
20 3 777 55 443 -334 -87 001 89 09 78 2 1 2 3 4 5 6 7 10 1 2 3 4 5 6 7 10
20 3 777 55 443 -334 -87 001 89 09 78 2 1 2 3 4 5 6 7 10 1 2 3 4 5 6 7 10
20 3 777 55 443 -334 -87 001 89 09 78 2 1 2 3 4 5 6 7 10 1 2 3 4 5 6 7 10
20 3 777 55 443 -334 -87 001 89 09 78 2 1 2 3 4 5 6 7 10 1 2 3 4 5 6 7 10
20 3 777 55 443 -334 -87 001 89 09 78 2 1 2 3 4 5 6 7 10 1 2 3 4 5 6 7 10
20 3 777 55 443 -334 -87 001 89 09 78 2 1 2 3 4 5 6 7 10 1 2 3 4 5 6 7 10
20 3 777 55 443 -334 -87 001 89 09 78 2 1 2 3 4 5 6 7 10 1 2 3 4 5 6 7 10
20 3 777 55 443 -334 -87 001 89 09 78 2 1 2 3 4 5 6 7 10 1 2 3 4 5 6 7 10
20 3 777 55 443 -334 -87 001 89 09 78 2 1 2 3 4 5 6 7 10 1 2 3 4 5 6 7 10
20 3 777 55 443 -334 -87 001 89 09 78 2 1 2 3 4 5 6 7 10 1 2 3 4 5 6 7 10
20 3 777 55 443 -334 -87 001 89 09 78 2 1 2 3 4 5 6 7 10 1 2 3 4 5 6 7 10
20 3 777 55 443 -334 -87 001 89 09 78 2 1 2 3 4 5 6 7 10 1 2 3 4 5 6 7 10
20 3 777 55 443 -334 -87 001 89 09 78 2 1 2 3 4 5 6 7 10 1 2 3 4 5 6 7 10
20 3 777 55 443 -334 -87 001 89 09 78 2 1 2 3 4 5 6 7 10 1 2 3 4 5 6 7 10
20 3 777 55 443 -334 -87 001 89 09 78 2 1 2 3 4 5 6 7 10 1 2 3 4 5 6 7 10
20 3 777 55 443 -334 -87 001 89 09 78 2 1 2 3 4 5 6 7 10 1 2 3 4 5 6 7 10
20 3 777 55 443 -334 -87 001 89 09 78 2 1 2 3 4 5 6 7 10 1 2 3 4 5 6 7 10
20 3 777 55 443 -334 -87 001 89 09 78 2 1 2 3 4 5 6 7 10 1 2 3 4 5 6 7 10
20 3 777 55 443 -334 -87 001 89 09 78 2 1 2 3 4 5 6 7 10 1 2 3 4 5 6 7 10
20 3 777 55 443 -334 -87 001 89 09 78 2 1 2 3 4 5 6 7 10 1 2 3 4 5 6 7 10
20 3 777 55 443 -334 -87 001 89 09 78 2 1 2 3 4 5 6 7 10 1 2 3 4 5 6 7 10
20 3 777 55 443 -334 -87 001 89 09 78 2 1 2 3 4 5 6 7 10 1 2 3 4 5 6 7 10
20 3 777 55 443 -334 -87 001 89 09 78 2 1 2 3 4 5 6 7 10 1 2 3 4 5 6 7 10
20 3 777 55 443 -334 -87 001 89 09 78 2 1 2 3 4 5 6 7 10 1 2 3 4 5 6 7 10
20 3 777 55 443 -334 -87 001 89 09 78 2 1 2 3 4 5 6 7 10 1 2 3 4 5 6 7 10
20 3 777 55 443 -334 -87 001 89 09 78 2 1 2 3 4 5 6 7 10 1 2 3 4 5 6 7 10
20 3 777 55 443 -334 -87 001 89 09 78 2 1 2 3 4 5 6 7 10 1 2 3 4 5 6 7 10
20 3 777 55 443 -334 -87 001 89 09 78 2 1 2 3 4 5 6 7 10 1 2 3 4 5 6 7 10
20 3 777 55 443 -334 -87 001 89 09 78 2 1 2 3 4 5 6 7 10 1 2 3 4 5 6 7 10
20 3 777 55 443 -334 -87 001 89 09 78 2 1 2 3 4 5 6 7 10 1 2 3 4 5 6 7 10
20 3 777 55 443 -334 -87 001 89 09 78 2 1 2 3 4 5 6 7 10 1 2 3 4 5 6 7 10
20 3 777 55 443 -334 -87 001 89 09 78 2 1 2 3 4 5 6 7 10 1 2 3 4 5 6 7 10
20 3 777 55 443 -334 -87 001 89 09 78 2 1 2 3 4 5 6 7 10 1 2 3 4 5 6 7 10
20 3 777 55 443 -334 -87 001 89 09 78 2 1 2 3 4 5 6 7 10 1 2 3 4 5 6 7 10
20 3 777 55 443 -334 -87 001 89 09 78 2 1 2 3 4 5 6 7 10 1 2 3 4 5 6 7 10
20 3 777 55 443 -334 -87 001 89 09 78 2 1 2 3 4 5 6 7 10 1 2 3 4 5 6 7 10
20 3 777 55 443 -334 -87 001 89 09 78 2 1 2 3 4 5 6 7 10 1 2 3 4 5 6 7 10
20 3 777 55 443 -334 -87 001 89 09 78 2 1 2 3 4 5 6 7 10 1 2 3 4 5 6 7 10
20 3 777 55 443 -334 -87 001 89 09 78 2 1 2 3 4 5 6 7 10 1 2 3 4 5 6 7 10
20 3 777 55 443 -334 -87 001 89 09 78 2 1 2 3 4 5 6 7 10 1 2 3 4 5 6 7 10
20 3 777 55 443 -334 -87 001 89 09 78 2 1 2 3 4 5 6 7 10 1 2 3 4 5 6 7 10
20 3 777 55 443 -334 -87 001 89 09 78 2 1 2 3 4 5 6 7 10 1 2 3 4 5 6 7 10
20 3 777 55 443 -334 -87 001 89 09 78 2 1 2 3 4 5 6 7 10 1 2 3 4 5 6 7 10
20 3 777 55 443 -334 -87 001 89 09 78 2 1 2 3 4 5 6 7 10 1 2 3 4 5 6 7 10
20 3 777 55 443 -334 -87 001 89 09 78 2 1 2 3 4 5 6 7 10 1 2 3 4 5 6 7 10
20 3 777 55 443 -334 -87 001 89 09 78 2 1 2 3 4 5 6 7 10 1 2 3 4 5 6 7 10
20 3 777 55 443 -334 -87 001 89 09 78 2 1 2 3 4 5 6 7 10 1 2 3 4 5 6 7 10
20 3 777 55 443 -334 -87 001 89 09 78 2 1 2 3 4 5 6 7 10 1 2 3 4 5 6 7 10
20 3 777 55 443 -334 -87 001 89 09 78 2 1 2 3 4 5 6 7 10 1 2 3 4 5 6 7 10
20 3 777 55 443 -334 -87 001 89 09 78 2 1 2 3 4 5 6 7 10 1 2 3 4 5 6 7 10
20 3 777 55 443 -334 -87 001 89 09 78 2 1 2 3 4 5 6 7 10 1 2 3 4 5 6 7 10
20 3 777 55 443 -334 -87 001 89 09 78 2 1 2 3 4 5 6 7 10 1 2 3 4 5 6 7 10
20 3 777 55 443 -334 -87 001 89 09 78 2 1 2 3 4 5 6 7 10 1 2 3 4 5 6 7 10
20 3 777 55 443 -334 -87 001 89 09 78 2 1 2 3 4 5 6 7 10 1 2 3 4 5 6 7 10
20 3 777 55 443 -334 -87 001 89 09 78 2 1 2 3 4 5 6 7 10 1 2 3 4 5 6 7 10
20 3 777 55 443 -334 -87 001 89 09 78 2 1 2 3 4 5 6 7 10 1 2 3 4 5 6 7 10
20 3 777 55 443 -334 -87 001 89 09 78 2 1 2 3 4 5 6 7 10 1 2 3 4 5 6 7 10
20 3 777 55 443 -334 -87 001 89 09 78 2 1 2 3 4 5 6 7 10 1 2 3 4 5 6 7 10
20 3 777 55 443 -334 -87 001 89 09 78 2 1 2 3 4 5 6 7 10 1 2 3 4 5 6 7 10
20 3 777 55 443 -334 -87 001 89 09 78 2 1 2 3 4 5 6 7 10 1 2 3 4 5 6 7 10
20 3 777 55 443 -334 -87 001 89 09 78 2 1 2 3 4 5 6 7 10 1 2 3 4 5 6 7 10
20 3 777 55 443 -334 -87 001 89 09 78 2 1 2 3 4 5 6 7 10 1 2 3 4 5 6 7 10
20 3 777 55 443 -334 -87 001 89 09 78 2 1 2 3 4 5 6 7 10 1 2 3 4 5 6 7 10
20 3 777 55 443 -334 -87 001 89 09 78 2 1 2 3 4 5 6 7 10 1 2 3 4 5 6 7 10
20 3 777 55 443 -334 -87 001 89 09 78 2 1 2 3 4 5 6 7 10 1 2 3 4 5 6 7 10
20 3 777 55 443 -334 -87 001 89 09 78 2 1 2 3 4 5 6 7 10 1 2 3 4 5 6 7 10
20 3 777 55 443 -334 -87 001 89 09 78 2 1 2 3 4 5 6 7 10 1 2 3 4 5 6 7 10
20 3 777 55 443 -334 -87 001 89 09 78 2 1 2 3 4 5 6 7 10 1 2 3 4 5 6 7 10
20 3 777 55 443 -334 -87 001 89 09 78 2 1 2 3 4 5 6 7 10 1 2 3 4 5 6 7 10
20 3 777 55 443 -334 -87 001 89 09 78 2 1 2 3 4 5 6 7 10 1 2 3 4 5 6 7 10
20 3 777 55 443 -334 -87 001 89 09 78 2 1 2 3 4 5 6 7 10 1 2 3 4 5 6 7 10
20 3 777 55 443 -334 -87 001 89 09 78 2 1 2 3 4 5 6 7 10 1 2 3 4 5 6 7 10
20 3 777 55 443 -334 -87 001 89 09 78 2 1 2 3 4 5 6 7 10 1 2 3 4 5 6 7 10
20 3 777 55 443 -334 -87 001 89 09 78 2 1 2 3 4 5 6 7 10 1 2 3 4 5 6 7 10
